scoreV2.0

0 4 180
0 2 160
10 0 41
300 1 0
33 0 41
320 1 0
33 0 48
300 1 0
13 0 48
320 1 0 
13 0 50
300 1 0
33 0 50
320 1 0
13 0 48
650 1 0

0 2 120
13 0 46
300 1 0
33 0 46
320 1 0
13 0 45
300 1 0 
33 0 45
320 1 0
13 0 43
300 1 0
33 0 43
320 1 0
13 0 41
650 1 0

13 0 48
300 1 0
33 0 48
320 1 0
13 0 46
300 1 0
33 0 46
320 1 0
13 0 45
300 1 0 
33 0 45
320 1 0
13 0 43
650 1 0

13 0 48
300 1 0
33 0 48
320 1 0
13 0 46
300 1 0
33 0 46
320 1 0
13 0 45
300 1 0 
33 0 45
320 1 0
13 0 43
650 1 0

0 2 160
10 0 41
300 1 0
33 0 41
320 1 0
33 0 48
300 1 0
13 0 48
320 1 0 
13 0 50
300 1 0
33 0 50
320 1 0
13 0 48
650 1 0

13 0 46
300 1 0
33 0 46
320 1 0
13 0 45
300 1 0 
33 0 45
320 1 0
13 0 43
300 1 0
33 0 43
320 1 0
13 0 41
650 1 0 